 1.1986E+01  2.2443E+00
 1.2076E+01  1.1342E+00
 1.4312E+01  3.3812E+00
 1.4322E+01  1.8258E+00
 1.7551E+01  5.1950E+00
 1.7563E+01  3.1951E+00
 2.0042E+01  6.5560E+00
 2.0056E+01  4.4451E+00
 2.4602E+01  1.0384E+01
 2.4627E+01  6.2736E+00
 2.8290E+01  6.8699E+00
 2.8417E+01  1.3205E+01
 3.0535E+01  7.6726E+00
 3.0657E+01  1.4896E+01
 3.2319E+01  1.5581E+01
 3.2448E+01  8.2494E+00
 3.4441E+01  9.4938E+00
 3.4480E+01  1.6605E+01
 3.7017E+01  1.0634E+01
 3.7218E+01  1.8525E+01
 4.0006E+01  1.2333E+01
 4.0040E+01  2.0223E+01
