 8.4797E-01  1.6874E+02
 1.3859E+00  1.6383E+02
 1.8159E+00  1.5936E+02
 2.2464E+00  1.5578E+02
 2.6769E+00  1.5221E+02
 3.1071E+00  1.4819E+02
 4.5067E+00  1.3746E+02
 5.9085E+00  1.3075E+02
 7.8503E+00  1.2314E+02
 9.7929E+00  1.1687E+02
 1.1736E+01  1.1105E+02
 1.4002E+01  1.0344E+02
 1.7243E+01  9.9395E+01
 1.9835E+01  9.4460E+01
 2.4373E+01  8.9507E+01
 2.8263E+01  8.6793E+01
 3.0424E+01  8.4987E+01
 3.2153E+01  8.3632E+01
 3.4315E+01  8.2273E+01
 3.6908E+01  8.0017E+01
 3.9718E+01  7.8652E+01
