10 0.0000001
21.0386423936	0.3749630964	0.5	0.0187481548
22.3454106753	0.3496997664	0.5	0.0174849883
24.9544203112	0.3214940371	0.5	0.0160747019
28.8553187199	0.2802748056	0.5	0.0140137403
28.8553187199	0.2893620073	0.5	0.0144681004
31.4464992637	0.2576467578	0.5	0.0128823379
34.0293416204	0.2356836859	0.5	0.0117841843
34.6736689329	0.2212518951	0.5	0.0110625948
35.3174215414	0.2150332187	0.5	0.0107516609
36.603159959	0.210658583	0.5	0.0105329291
37.245124458	0.189152042	0.5	0.0094576021
37.245124458	0.2010236596	0.5	0.010051183
39.1672715597	0.1763074282	0.5	0.0088153714
39.8067031194	0.1812231369	0.5	0.0090611568
41.7209974077	0.1918330946	0.5	0.0095916547
42.9937546579	0.1728710733	0.5	0.0086435537
45.5306384879	0.1793492461	0.5	0.0089674623
45.5306384879	0.1745310192	0.5	0.008726551
45.5306384879	0.1676827405	0.5	0.008384137
46.794598387	0.1612775732	0.5	0.0080638787
48.0554597999	0.1506268282	0.5	0.0075313414
49.3131403956	0.1437261184	0.5	0.0071863059
50.5675582999	0.1350220494	0.5	0.0067511025
51.9435524668	0.1316597971	0.5	0.0065829899
53.066281009	0.1275602693	0.5	0.0063780135
53.1908544283	0.1257754097	0.5	0.0062887705
54.3104246354	0.1354631595	0.5	0.006773158
54.3104246354	0.1258330594	0.5	0.006291653
54.4346431343	0.1359974182	0.5	0.0067998709
54.4346431343	0.126021108	0.5	0.0063010554
55.5509832825	0.1328830671	0.5	0.0066441534
55.6748389225	0.1306660908	0.5	0.0065333045
56.7878778523	0.1303519425	0.5	0.0065175971
56.9113627593	0.1272178394	0.5	0.006360892
58.021029909	0.122513406	0.5	0.0061256703
58.1441362774	0.1345445829	0.5	0.0067272291
59.2503617183	0.1327050703	0.5	0.0066352535
59.8635709393	0.1272287081	0.5	0.0063614354
60.4757962858	0.1325474832	0.5	0.0066273742
60.4757962858	0.1257005881	0.5	0.0062850294
60.5981224531	0.1349318765	0.5	0.0067465938
61.697257399	0.1337461892	0.5	0.0066873095
61.8191820605	0.1350817811	0.5	0.0067540891
62.3064743176	0.1182262954	0.5	0.0059113148
63.0361853316	0.1364357895	0.5	0.0068217895
64.1279585692	0.1200498149	0.5	0.0060024907
64.2490578318	0.136588324	0.5	0.0068294162
64.7330337155	0.1289066748	0.5	0.0064453337
65.4577260399	0.1355923067	0.5	0.0067796153
66.5418727643	0.124260056	0.5	0.0062130028
67.7423537377	0.1273039628	0.5	0.0063651981
67.8621603354	0.1192656449	0.5	0.0059632822
70.1300104096	0.1279022914	0.5	0.0063951146
70.1300104096	0.1229020598	0.5	0.006145103
70.1300104096	0.1223659214	0.5	0.0061182961
70.2489200493	0.1234910625	0.5	0.0061745531
71.4354991467	0.121444804	0.5	0.0060722402
73.7947205133	0.1338864415	0.5	0.0066943221
73.7947205133	0.122189806	0.5	0.0061094903
73.7947205133	0.1208031337	0.5	0.0060401567
79.4934356124	0.107732183	0.5	0.0053866092
81.7849904719	0.112787732	0.5	0.0056393866
84.0559062805	0.1044423636	0.5	0.0052221182
87.4226841279	0.1022134417	0.5	0.0051106721
89.6402540278	0.1050009378	0.5	0.0052500469
91.8358635403	0.0995069619	0.5	0.0049753481
96.1600008609	0.0881715256	0.5	0.0044085763
100.3930328381	0.0760456554	0.5	0.0038022828
103.5070946671	0.0675634466	0.5	0.0033781723
107.5774368161	0.0546256002	0.5	0.00273128
108.5803702293	0.0522122309	0.5	0.0026106115
110.5686377728	0.0431548391	0.5	0.002157742
112.5334595332	0.0309429844	0.5	0.0015471492
113.5070946671	0.0493239761	0.5	0.0024661988
115.4368670619	0.0588173756	0.5	0.0029408688
119.0395559227	0.0624067976	0.5	0.0031203399
120.9024037169	0.0688207709	0.5	0.0034410385
122.7425585986	0.0688259753	0.5	0.0034412988
124.5602754489	0.0696708505	0.5	0.0034835425
126.3558429587	0.0665142208	0.5	0.003325711
128.1295824402	0.0649211299	0.5	0.0032460565
129.8818465385	0.0631982691	0.5	0.0031599135
131.6130178546	0.0577931485	0.5	0.0028896574
131.7849904719	0.0471427752	0.5	0.0023571388
135.0137535841	0.0526192668	0.5	0.0026309633
136.8501969674	0.0462059648	0.5	0.0023102982
138.335393274	0.0397157269	0.5	0.0019857863
138.335393274	0.0471261951	0.5	0.0023563098
139.3985510918	0.0447234686	0.5	0.0022361734
141.0190164143	0.0453300685	0.5	0.0022665034
141.581922743	0.036998597	0.5	0.0018499299
142.5418727643	0.05098395	0.5	0.0025491975
142.6215847209	0.0398829974	0.5	0.0019941499
143.1783588224	0.0520522834	0.5	0.0026026142
144.2068173359	0.0499631661	0.5	0.0024981583
144.7576596868	0.0513906155	0.5	0.0025695308
145.697257399	0.0517400702	0.5	0.0025870035
145.7752922484	0.0492980162	0.5	0.0024649008
146.5534303833	0.055987619	0.5	0.0027993809
147.3276026488	0.0578919518	0.5	0.0028945976
147.8672043654	0.0713371455	0.5	0.0035668573
148.0978853376	0.0574951751	0.5	0.0028747588
148.7878778523	0.0528811138	0.5	0.0026440557
148.8643555195	0.0644990569	0.5	0.0032249528
149.6270910012	0.0783908239	0.5	0.0039195412
150.3861702862	0.079347512	0.5	0.0039673756
151.066281009	0.0691461656	0.5	0.0034573083
152.5675582999	0.0694406173	0.5	0.0034720309
153.1642876034	0.0793526106	0.5	0.0039676305
154.794598387	0.0802470058	0.5	0.0040123503
157.7209974077	0.0867393994	0.5	0.00433697
159.2393070135	0.0836611794	0.5	0.004183059
160.6746939159	0.1147251029	0.5	0.0114725103
162.1004081337	0.1238092029	0.5	0.0123809203
163.5171325557	0.1406297694	0.5	0.0140629769
164.925553154	0.141010001	0.5	0.0141010001
165.5568166704	0.1515601279	0.5	0.0151560128
165.6268645993	0.1541748156	0.5	0.0154174816
169.0386423936	0.2082268933	0.5	0.0208226893
169.7995913236	0.198444664	0.5	0.0198444664

